0 9 1 1
45 2 3 4
24 7 2 2
1 1 1 2
14 5 28 4
40 4 6 5
42 2 1 5
39 3 6 4
16 6 11 3
4 1 33 6
21 1 24 7
44 6 5 3
44 5 4 4
29 5 15 3
46 6 3 3
42 6 5 3
39 7 8 3
3 0 31 3
46 5 3 4
22 5 21 3
31 9 1 1
7 0 27 4
34 3 4 3
6 5 23 4
15 5 25 3
11 7 12 3
31 0 18 6
9 9 1 1
18 7 29 3
7 1 1 4
38 9 1 1
12 4 27 4
11 5 12 4
8 6 1 3
44 1 3 4
25 5 23 3
25 2 16 6
46 2 3 7
31 7 14 3
37 0 13 4
28 5 7 4
33 4 8 5
32 2 9 6
6 2 11 6
32 4 5 3
1 5 9 3
39 2 10 6
7 0 5 5
43 6 5 3
16 3 30 6
38 2 10 3
25 0 9 6
44 7 3 3
1 2 28 3
44 2 3 3
44 2 5 4
17 5 23 4
12 5 25 4
20 2 5 3
3 2 37 4
24 5 1 1
31 4 1 1
49 7 1 2
46 4 3 5
23 5 1 4
35 9 1 1
12 6 12 3
24 6 15 3
7 6 1 3
11 9 1 1
28 5 21 4
36 7 11 3
11 2 34 3
39 1 4 7
24 1 9 8
22 1 11 8
36 5 8 4
1 2 5 5
26 5 5 4
16 4 4 3
34 4 7 5
48 1 1 1
34 8 1 1
14 6 1 1
15 0 1 3
41 3 8 3
14 9 1 1
6 6 27 3
21 2 11 4
21 1 14 8
1 0 36 5
5 0 30 7
25 6 22 3
44 2 4 4
6 4 1 5
41 4 1 5
44 2 4 3
38 1 12 1
30 0 16 3
11 1 21 4
8 5 33 4
7 4 9 3
28 0 4 7
32 0 3 1
34 7 9 3
11 6 15 3
43 0 5 7
26 7 1 2
4 0 5 1
21 3 14 4
20 6 23 3
5 3 2 1
25 6 14 3
25 4 20 5
32 4 8 3
33 5 6 4
18 1 24 8
2 2 1 1
42 2 4 6
34 6 9 3
40 5 9 4
7 1 3 8
2 0 1 1
6 5 12 4
3 4 26 5
24 3 1 1
2 8 2 1
9 1 22 4
41 4 4 5
9 4 5 4
37 0 9 5
38 0 9 4
43 5 3 3
4 4 41 4
3 2 26 4
32 7 11 3
43 2 4 5
6 7 16 3
27 6 20 3
36 7 5 3
38 0 6 4
45 4 4 3
23 2 14 3
1 1 8 7
35 2 7 5
26 4 3 3
29 6 1 1
16 2 13 5
27 4 17 4
4 1 14 6
18 4 29 3
47 7 3 3
37 0 13 9
18 2 22 5
34 1 6 4
22 4 10 4
30 6 3 3
37 4 6 3
17 2 1 6
1 5 33 3
15 6 4 3
2 0 42 8
44 7 4 3
9 4 12 4
12 5 24 3
27 0 13 6
31 8 1 1
1 0 25 3
15 2 24 4
8 6 5 3
19 6 1 2
0 5 36 4
40 2 1 1
24 5 6 4
40 1 8 3
9 1 14 6
17 6 32 3
38 5 8 3
35 0 5 9
22 6 15 3
20 0 12 8
16 7 16 3
40 2 8 6
12 9 1 1
46 1 3 6
8 4 14 3
5 2 24 6
19 4 7 4
34 0 8 7
30 3 10 5
37 1 8 7
16 6 6 3
11 8 1 1
3 1 28 6
12 0 4 6
15 5 9 4
27 2 4 6
45 3 1 1
11 0 1 10
31 1 15 8
44 5 4 4
15 0 8 3
20 5 8 3
21 3 5 3
10 7 16 3
10 0 9 5
8 1 30 7
35 0 5 4
25 2 19 4
26 1 8 6
5 6 11 3
18 0 1 4
32 5 15 4
28 0 18 5
43 7 1 2
7 1 30 4
44 1 3 5
29 6 3 3
21 5 11 3
21 7 19 3
44 3 5 4
26 0 23 3
40 0 4 4
33 3 10 3
13 7 1 1
15 7 29 3
18 7 24 3
1 0 34 8
44 0 1 1
0 2 23 3
8 4 40 3
18 7 5 3
5 1 1 3
10 6 1 3
21 9 1 1
1 4 19 5
43 7 4 3
21 1 19 5
29 5 5 4
19 0 1 1
30 7 16 3
31 0 10 8
30 6 11 3
45 4 4 4
29 6 3 3
28 4 12 3
35 3 9 5
45 5 1 2
17 7 4 3
34 7 11 3
37 1 8 3
2 7 6 3
43 5 1 1
20 0 13 7
2 2 31 4
4 4 2 4
4 3 3 6
22 1 9 8
2 3 29 6
19 2 7 6
48 9 1 1
43 1 4 8
12 0 17 4
23 7 1 1
22 1 1 2
11 3 18 4
37 0 5 9
32 0 1 1
34 4 5 4
25 6 1 2
6 9 3 1
26 4 1 2
40 6 3 3
34 1 3 8
4 2 42 3
17 9 1 1
8 5 38 3
29 2 2 5
27 2 17 6
36 1 6 5
42 8 1 1
31 0 3 3
30 6 10 3
33 7 6 3
28 1 16 8
11 9 30 1
6 1 34 7
7 1 42 4
11 4 2 3
25 0 10 9
0 7 24 3
47 1 3 8
3 3 38 5
0 0 22 7
38 4 10 4
41 3 6 6
44 4 4 4
25 4 10 3
40 7 5 3
16 0 6 9
32 3 10 3
43 1 4 4
31 7 16 3
16 1 18 6
45 1 3 3
9 1 1 5
31 0 1 2
39 6 5 3
15 1 24 6
26 3 7 6
42 0 3 4
45 1 3 3
29 2 5 7
3 8 1 1
45 7 4 3
44 6 3 3
4 1 41 5
20 5 8 4
37 5 1 2
3 4 1 1
46 0 3 4
13 5 22 4
32 8 1 1
26 4 17 4
1 3 39 3
38 5 6 4
36 9 1 1
8 6 4 3
37 6 5 3
23 2 1 2
10 5 31 4
4 7 3 1
44 9 1 1
42 6 7 3
46 5 3 3
11 3 33 5
0 5 1 4
8 1 32 3
15 6 1 1
11 4 8 3
34 1 7 4
7 3 36 6
15 2 28 7
19 7 4 3
11 3 28 3
15 0 25 7
10 0 31 5
3 1 28 5
26 9 1 1
20 2 1 2
40 3 3 4
22 4 18 5
20 6 13 3
43 3 1 1
29 7 11 3
33 4 10 4
12 1 1 2
13 0 1 1
27 4 13 5
32 7 7 3
24 1 16 8
11 0 14 4
28 1 1 2
19 4 1 1
3 3 17 3
2 3 8 4
31 1 9 7
2 6 25 3
26 0 2 1
20 6 3 1
0 6 48 3
38 5 3 4
44 2 3 6
15 4 1 1
38 4 1 5
17 1 7 3
28 6 5 3
12 5 1 2
29 6 10 3
47 0 3 6
40 4 5 3
37 0 11 9
28 7 1 1
47 6 3 3
21 6 18 3
14 4 15 5
30 3 9 4
37 6 7 3
4 5 32 3
46 2 3 3
33 6 1 2
41 1 3 4
28 2 20 6
27 3 20 3
23 0 3 4
8 4 32 3
3 1 16 3
21 8 1 1
8 7 14 3
15 0 21 5
36 0 1 3
8 5 35 4
11 1 29 8
31 2 14 4
11 6 1 1
36 2 7 7
30 3 1 1
34 6 10 3
13 4 35 3
24 0 1 1
37 1 5 4
12 0 29 5
20 8 1 1
45 0 1 2
0 2 28 3
42 4 5 5
19 7 29 3
22 7 1 1
3 2 23 5
35 1 5 3
14 0 8 3
36 7 8 3
32 3 1 4
1 4 1 1
1 6 47 3
37 5 3 4
30 4 13 5
9 7 1 1
39 2 1 4
32 7 14 3
2 7 2 1
16 7 14 3
19 9 1 1
41 0 8 3
47 7 3 3
43 6 5 3
15 9 1 1
43 7 4 3
43 3 3 3
39 0 10 6
32 2 4 8
18 1 11 3
44 2 3 5
11 1 32 3
0 0 42 3
20 2 30 8
13 0 30 4
12 7 13 3
26 0 2 10
34 4 1 2
12 2 25 3
12 9 12 1
48 7 1 2
36 7 9 3
20 5 9 4
5 1 44 5
25 5 6 3
44 5 3 4
31 4 15 5
32 2 10 5
36 0 12 7
2 5 22 4
32 4 3 5
35 4 8 4
22 0 26 5
15 4 13 4
18 0 15 8
5 7 1 1
47 2 3 7
22 3 19 3
45 8 1 1
21 6 1 1
16 0 31 5
38 2 1 1
24 3 20 5
36 0 9 8
5 4 19 4
39 9 1 1
46 1 3 4
30 6 1 3
42 5 5 3
35 6 1 1
21 4 20 3
43 9 1 1
8 1 1 3
6 2 17 6
13 1 14 8
31 3 17 4
39 7 1 1
34 0 1 3
28 8 9 2
46 1 3 8
16 4 23 4
33 6 10 3
35 0 8 5
28 7 10 3
46 2 3 3
40 8 1 1
28 3 11 3
13 7 31 3
21 0 26 3
35 4 1 1
2 7 2 2
11 0 1 3
29 0 7 7
19 2 1 6
41 4 8 3
14 5 4 4
27 3 12 5
25 7 12 3
45 7 4 3
25 2 20 3
12 4 6 4
40 0 1 1
25 1 1 3
28 1 11 4
3 4 26 4
17 1 1 2
25 7 18 3
40 5 1 1
28 5 18 4
26 9 6 1
17 3 22 3
35 0 1 1
34 0 1 3
9 5 12 4
2 9 3 1
38 0 6 7
3 2 8 6
20 3 27 3
41 2 7 7
27 1 1 3
29 7 11 3
42 9 1 1
16 4 15 3
22 7 5 3
22 1 15 6
34 3 13 5
20 3 23 3
21 3 1 1
47 3 1 1
44 2 1 3
46 6 3 3
18 1 11 8
36 0 4 5
5 0 4 5
27 0 10 9
16 9 1 1
32 8 4 1
26 0 6 8
27 7 1 1
37 0 10 5
14 4 28 3
4 0 21 9
17 4 3 5
43 4 3 4
43 4 4 3
44 1 5 7
45 3 3 4
6 6 27 3
33 6 12 3
39 5 10 3
36 4 5 3
21 2 10 6
15 8 1 1
45 1 5 3
19 2 1 1
6 2 22 5
40 9 1 1
39 4 9 4
20 4 4 2
11 2 10 4
43 2 3 5
25 7 22 3
0 6 13 3
12 0 26 8
43 0 1 2
42 3 7 6
36 0 6 5
33 1 8 7
29 2 17 4
37 0 9 5
4 2 1 1
10 3 1 1
25 3 23 6
39 3 4 3
25 1 9 7
21 7 10 3
30 5 17 4
43 7 6 3
26 4 4 4
9 4 9 5
36 4 13 5
20 5 4 5
48 3 1 2
44 3 4 5
16 1 19 3
32 0 8 8
49 9 1 1
19 3 18 5
34 6 3 3
11 0 1 2
24 2 16 3
1 7 16 3
14 7 22 3
47 2 3 7
25 1 16 5
24 7 8 3
9 5 17 4
38 6 10 3
10 4 22 3
17 1 21 1
16 6 1 2
20 1 2 1
17 3 31 6
37 9 1 1
43 0 6 9
29 0 1 4
14 1 1 4
39 3 8 5
32 0 2 2
16 7 10 3
33 7 6 3
36 0 7 4
32 9 1 1
18 4 9 4
20 7 8 3
23 7 3 3
37 6 6 3
17 1 20 5
42 3 4 5
1 3 15 5
36 5 13 4
39 3 6 6
25 4 19 4
43 4 3 3
19 7 13 3
7 6 35 3
47 5 1 1
44 7 3 3
43 3 3 4
16 2 12 6
32 5 17 3
41 3 6 4
41 9 9 1
33 2 1 1
0 5 33 4
14 6 34 3
33 9 1 1
26 4 2 3
47 7 3 3
0 0 1 3
14 5 3 3
5 7 10 3
39 0 10 5
38 7 7 3
2 4 25 3
5 3 7 5
41 3 7 3
16 7 18 3
38 0 4 8
0 0 24 5
19 0 29 4
49 0 1 1
36 0 5 7
12 8 1 1
47 0 1 1
25 0 14 7
35 2 1 1
42 1 6 7
38 0 1 1
20 0 1 1
13 3 1 1
3 2 22 3
11 1 26 4
35 7 14 3
12 1 29 3
32 5 4 3
15 5 34 4
13 1 16 3
2 4 14 3
12 7 36 3
29 5 9 3
29 0 4 8
46 4 1 3
4 5 1 2
26 4 13 3
14 8 1 1
11 6 23 3
4 6 26 3
