6 -3618 0 1
3678 3723 -1 -1
-3624 3718 1 -1
3724 90 -1 0
-3630 3663 1 -1
3700 18 -1 0
-3602 -3632 1 1
-3603 3722 1 -1
65 3675 0 -1
3709 4 -1 0
63 37 0 0
-3561 46 1 0
3660 3697 -1 -1
95 3722 0 -1
-3584 -3567 1 1
3702 -3584 -1 1
4 -3627 0 1
34 3667 0 -1
-3593 69 1 0
-3645 12 1 0
20 50 0 0
-3586 4 1 0
-3596 3663 1 -1
21 -3638 0 1
-3605 3712 1 -1
3744 -3578 -1 1
-3600 -3568 1 1
3740 -3618 -1 1
92 -3581 0 1
3696 62 -1 0
-3654 52 1 0
72 99 0 0
-3584 -3594 1 1
-3568 3690 1 -1
3711 3676 -1 -1
3695 81 -1 0
28 3731 0 -1
3734 -3570 -1 1
3723 -3611 -1 1
-3582 80 1 0
3727 84 -1 0
98 -3626 0 1
-3569 3758 1 -1
-3568 23 1 0
3668 -3564 -1 1
3754 -3598 -1 1
-3587 -3632 1 1
-3597 3676 1 -1
15 -3616 0 1
-3585 57 1 0
3750 3664 -1 -1
76 -3571 0 1
73 3749 0 -1
3705 -3587 -1 1
69 47 0 0
79 3741 0 -1
38 -3634 0 1
62 66 0 0
-3560 55 1 0
19 3714 0 -1
1 3678 0 -1
3672 -3626 -1 1
3670 94 -1 0
91 -3617 0 1
41 4 0 0
3725 3750 -1 -1
3739 3687 -1 -1
3665 3709 -1 -1
3757 3749 -1 -1
-3594 3685 1 -1
3697 26 -1 0
37 71 0 0
13 -3592 0 1
90 -3639 0 1
-3595 -3583 1 1
-3604 74 1 0
-3581 3682 1 -1
3739 -3628 -1 1
79 17 0 0
28 -3566 0 1
47 3741 0 -1
-3589 -3602 1 1
-3632 36 1 0
-3627 -3642 1 1
58 74 0 0
94 -3649 0 1
3727 -3608 -1 1
3731 -3629 -1 1
-3596 -3654 1 1
3720 17 -1 0
-3577 3722 1 -1
-3588 95 1 0
3708 91 -1 0
38 26 0 0
0 89 0 0
-3616 -3579 1 1
-3630 -3587 1 1
-3572 53 1 0
91 72 0 0
-3631 -3611 1 1
19 13 0 0
79 3708 0 -1
3708 3687 -1 -1
-3578 55 1 0
68 -3626 0 1
3731 -3568 -1 1
-3638 -3608 1 1
16 3660 0 -1
89 3724 0 -1
-3637 29 1 0
30 -3643 0 1
-3571 3659 1 -1
-3577 85 1 0
31 -3581 0 1
-3588 3670 1 -1
3701 87 -1 0
-3654 3713 1 -1
25 -3580 0 1
-3636 3709 1 -1
3724 44 -1 0
3744 87 -1 0
79 66 0 0
3688 99 -1 0
-3632 -3612 1 1
-3567 48 1 0
-3634 -3618 1 1
29 42 0 0
3704 34 -1 0
3669 5 -1 0
3698 3754 -1 -1
66 83 0 0
-3649 3685 1 -1
3732 3703 -1 -1
3667 -3616 -1 1
3727 3726 -1 -1
-3610 98 1 0
3740 58 -1 0
3697 -3658 -1 1
3746 18 -1 0
3746 3707 -1 -1
50 71 0 0
2 -3650 0 1
25 -3597 0 1
-3602 3748 1 -1
-3629 64 1 0
3684 -3655 -1 1
-3612 7 1 0
3740 90 -1 0
3696 18 -1 0
-3645 -3569 1 1
3756 3731 -1 -1
3701 -3596 -1 1
13 3703 0 -1
3702 -3604 -1 1
3680 3664 -1 -1
-3619 -3583 1 1
-3576 22 1 0
-3562 3673 1 -1
28 -3575 0 1
25 -3597 0 1
3712 2 -1 0
-3638 -3585 1 1
3757 3709 -1 -1
3737 -3573 -1 1
-3576 89 1 0
3717 84 -1 0
3686 -3625 -1 1
91 95 0 0
-3564 -3562 1 1
70 46 0 0
3659 3672 -1 -1
3685 74 -1 0
3673 3737 -1 -1
-3607 -3565 1 1
68 49 0 0
62 55 0 0
38 52 0 0
91 16 0 0
-3580 -3637 1 1
-3622 1 1 0
-3627 3671 1 -1
3718 78 -1 0
3727 70 -1 0
-3608 3664 1 -1
-3590 3716 1 -1
-3618 3735 1 -1
3706 -3598 -1 1
-3563 3758 1 -1
25 93 0 0
-3637 3663 1 -1
-3612 3716 1 -1
88 47 0 0
98 20 0 0
19 -3590 0 1
-3622 47 1 0
3675 3670 -1 -1
3721 89 -1 0
13 39 0 0
74 -3592 0 1
80 3684 0 -1
3751 84 -1 0
3758 -3627 -1 1
88 -3569 0 1
1 -3638 0 1
3683 88 -1 0
3699 -3590 -1 1
3751 75 -1 0
3744 72 -1 0
-3595 3719 1 -1
3732 -3651 -1 1
-3613 16 1 0
32 25 0 0
3700 -3572 -1 1
3744 -3652 -1 1
-3652 3698 1 -1
3708 94 -1 0
-3612 3699 1 -1
78 -3585 0 1
3705 3728 -1 -1
3693 -3628 -1 1
3709 -3563 -1 1
-3626 96 1 0
-3620 -3637 1 1
3701 3733 -1 -1
-3640 3713 1 -1
3737 3740 -1 -1
-3658 -3598 1 1
3757 3668 -1 -1
3 -3643 0 1
73 3696 0 -1
3740 3724 -1 -1
50 2 0 0
3713 53 -1 0
-3647 6 1 0
3754 3758 -1 -1
-3580 -3614 1 1
-3574 39 1 0
3712 -3575 -1 1
43 3699 0 -1
26 -3637 0 1
13 15 0 0
3738 3666 -1 -1
2 3752 0 -1
3712 -3591 -1 1
3690 -3654 -1 1
62 -3589 0 1
-3617 50 1 0
14 28 0 0
74 3752 0 -1
0 3718 0 -1
3673 -3620 -1 1
3720 3724 -1 -1
41 -3621 0 1
66 79 0 0
-3561 -3587 1 1
3676 3681 -1 -1
3742 31 -1 0
3757 3687 -1 -1
3681 -3614 -1 1
-3611 3683 1 -1
3682 3699 -1 -1
-3645 -3631 1 1
-3579 -3645 1 1
-3595 56 1 0
86 -3604 0 1
3671 -3600 -1 1
3701 -3623 -1 1
67 -3594 0 1
27 25 0 0
-3591 0 1 0
67 98 0 0
-3595 90 1 0
-3598 40 1 0
-3575 3751 1 -1
-3655 3757 1 -1
3716 89 -1 0
9 3694 0 -1
3758 34 -1 0
3744 25 -1 0
-3625 88 1 0
-3567 3720 1 -1
28 -3653 0 1
36 37 0 0
3699 67 -1 0
-3623 -3612 1 1
43 3723 0 -1
0 32 0 0
3695 3694 -1 -1
2 3690 0 -1
44 77 0 0
-3639 -3572 1 1
-3650 3704 1 -1
42 -3628 0 1
3752 -3611 -1 1
3752 13 -1 0
36 59 0 0
83 3699 0 -1
3718 -3604 -1 1
-3572 3707 1 -1
52 49 0 0
-3573 93 1 0
3744 3736 -1 -1
-3616 3723 1 -1
-3575 10 1 0
8 -3569 0 1
3685 3684 -1 -1
90 3737 0 -1
45 71 0 0
-3612 3741 1 -1
3686 7 -1 0
16 3709 0 -1
71 3758 0 -1
-3562 21 1 0
3691 -3639 -1 1
72 49 0 0
3677 -3659 -1 1
3720 3686 -1 -1
3701 -3576 -1 1
-3570 -3623 1 1
-3568 12 1 0
21 3682 0 -1
-3608 3721 1 -1
82 -3606 0 1
58 82 0 0
-3597 14 1 0
37 3722 0 -1
-3567 -3564 1 1
3733 -3570 -1 1
3684 -3642 -1 1
3674 39 -1 0
3683 11 -1 0
-3627 -3565 1 1
3679 24 -1 0
3714 -3620 -1 1
47 3659 0 -1
3739 3660 -1 -1
-3581 3692 1 -1
3710 44 -1 0
3737 -3613 -1 1
29 36 0 0
-3568 3744 1 -1
-3655 66 1 0
3740 3736 -1 -1
45 55 0 0
43 -3587 0 1
65 3709 0 -1
96 33 0 0
21 -3579 0 1
-3633 3664 1 -1
3678 90 -1 0
22 93 0 0
3679 3679 -1 -1
3710 3730 -1 -1
-3572 3756 1 -1
3696 -3650 -1 1
-3600 -3585 1 1
-3625 3663 1 -1
-3643 75 1 0
3716 3672 -1 -1
51 3720 0 -1
48 52 0 0
19 -3595 0 1
-3617 3752 1 -1
71 54 0 0
49 56 0 0
57 3678 0 -1
24 8 0 0
-3609 3699 1 -1
3668 -3631 -1 1
3729 3662 -1 -1
-3607 -3620 1 1
3664 89 -1 0
-3636 28 1 0
-3598 3704 1 -1
61 79 0 0
3664 0 -1 0
3756 -3618 -1 1
-3573 -3581 1 1
-3616 3703 1 -1
-3609 5 1 0
51 3751 0 -1
3710 3718 -1 -1
3675 -3566 -1 1
1 18 0 0
-3617 3750 1 -1
3663 3732 -1 -1
3695 9 -1 0
-3641 97 1 0
82 -3629 0 1
3706 -3593 -1 1
59 -3615 0 1
3670 83 -1 0
49 -3607 0 1
3749 -3570 -1 1
-3653 -3564 1 1
80 81 0 0
-3632 -3566 1 1
-3650 -3573 1 1
-3611 13 1 0
-3648 70 1 0
-3596 3696 1 -1
3715 10 -1 0
3735 24 -1 0
84 -3596 0 1
-3574 86 1 0
7 3757 0 -1
-3602 59 1 0
58 3663 0 -1
-3579 -3628 1 1
3755 3677 -1 -1
88 3751 0 -1
3742 -3591 -1 1
3662 -3642 -1 1
93 3703 0 -1
-3578 -3591 1 1
3742 -3610 -1 1
-3611 19 1 0
-3635 -3640 1 1
-3593 -3613 1 1
27 3733 0 -1
29 3666 0 -1
-3611 -3622 1 1
3663 86 -1 0
3723 -3621 -1 1
3689 72 -1 0
-3605 53 1 0
49 58 0 0
-3625 3691 1 -1
-3560 77 1 0
38 15 0 0
61 84 0 0
58 3674 0 -1
3746 -3647 -1 1
-3567 45 1 0
-3652 -3593 1 1
-3622 52 1 0
3694 -3607 -1 1
96 3732 0 -1
71 -3583 0 1
-3654 96 1 0
-3651 12 1 0
-3621 36 1 0
-3587 3736 1 -1
-3579 -3591 1 1
47 3679 0 -1
68 85 0 0
84 3719 0 -1
3666 3718 -1 -1
-3604 41 1 0
-3585 78 1 0
-3634 38 1 0
-3622 62 1 0
-3629 -3600 1 1
3716 -3605 -1 1
3676 96 -1 0
3730 3695 -1 -1
88 3689 0 -1
79 3 0 0
3679 17 -1 0
92 58 0 0
40 3724 0 -1
-3616 -3589 1 1
86 28 0 0
3661 3698 -1 -1
-3601 3664 1 -1
26 3675 0 -1
74 76 0 0
-3637 -3566 1 1
-3627 -3634 1 1
3695 3722 -1 -1
61 6 0 0
60 55 0 0
3750 38 -1 0
3679 3705 -1 -1
3661 -3584 -1 1
3661 3663 -1 -1
57 -3658 0 1
-3652 -3580 1 1
40 92 0 0
-3577 3747 1 -1
3675 38 -1 0
38 37 0 0
3717 -3594 -1 1
3670 3681 -1 -1
65 53 0 0
-3595 13 1 0
3723 3690 -1 -1
3737 92 -1 0
3703 74 -1 0
-3589 -3570 1 1
-3621 -3605 1 1
-3621 38 1 0
3707 -3587 -1 1
3747 81 -1 0
3677 29 -1 0
-3573 -3608 1 1
46 11 0 0
3719 45 -1 0
-3580 3741 1 -1
-3561 3690 1 -1
-3594 3690 1 -1
85 -3643 0 1
-3650 42 1 0
-3603 -3596 1 1
69 58 0 0
-3610 33 1 0
3695 -3645 -1 1
-3586 90 1 0
-3587 -3583 1 1
3733 7 -1 0
-3652 42 1 0
41 64 0 0
-3580 52 1 0
-3653 -3578 1 1
93 62 0 0
3713 43 -1 0
-3586 85 1 0
91 1 0 0
-3600 27 1 0
3744 3668 -1 -1
24 3742 0 -1
3704 93 -1 0
-3654 -3581 1 1
88 -3611 0 1
3687 3694 -1 -1
-3639 -3640 1 1
7 3663 0 -1
3758 58 -1 0
3740 3727 -1 -1
55 -3603 0 1
-3629 29 1 0
-3615 98 1 0
62 3748 0 -1
3685 62 -1 0
-3641 -3658 1 1
3695 96 -1 0
-3630 3715 1 -1
37 3709 0 -1
3746 48 -1 0
3724 0 -1 0
81 -3569 0 1
33 3688 0 -1
3660 28 -1 0
3707 3712 -1 -1
3725 12 -1 0
-3606 -3643 1 1
3756 3716 -1 -1
3704 -3578 -1 1
52 -3633 0 1
38 76 0 0
-3563 -3637 1 1
-3658 57 1 0
-3636 2 1 0
3695 3683 -1 -1
82 35 0 0
-3615 3670 1 -1
-3636 3671 1 -1
60 3720 0 -1
-3650 38 1 0
3757 -3573 -1 1
38 53 0 0
3747 3711 -1 -1
3741 39 -1 0
-3616 24 1 0
3744 16 -1 0
-3566 -3581 1 1
3702 3701 -1 -1
13 -3600 0 1
18 3696 0 -1
96 3685 0 -1
33 -3577 0 1
46 3682 0 -1
-3637 7 1 0
3710 -3589 -1 1
94 -3630 0 1
38 46 0 0
44 12 0 0
3741 72 -1 0
-3571 3705 1 -1
3734 3700 -1 -1
3680 78 -1 0
96 82 0 0
-3573 -3658 1 1
81 3693 0 -1
3685 69 -1 0
3709 3728 -1 -1
3682 3730 -1 -1
-3615 3736 1 -1
29 31 0 0
66 29 0 0
-3643 3741 1 -1
-3634 3686 1 -1
3727 -3639 -1 1
49 -3622 0 1
19 3751 0 -1
-3649 3680 1 -1
20 3694 0 -1
-3592 3739 1 -1
-3599 -3570 1 1
-3647 3711 1 -1
-3648 -3572 1 1
43 -3601 0 1
3743 3751 -1 -1
3723 3 -1 0
-3591 -3590 1 1
3719 20 -1 0
3746 81 -1 0
3679 3684 -1 -1
-3636 -3635 1 1
3712 -3638 -1 1
3686 29 -1 0
-3566 10 1 0
-3606 41 1 0
3737 -3595 -1 1
3712 32 -1 0
62 3684 0 -1
-3600 -3573 1 1
3691 -3641 -1 1
67 3687 0 -1
20 42 0 0
-3631 -3620 1 1
8 3751 0 -1
84 3722 0 -1
3685 -3573 -1 1
-3656 3677 1 -1
-3570 -3602 1 1
-3599 -3567 1 1
3690 3750 -1 -1
-3563 -3600 1 1
3660 -3588 -1 1
15 -3586 0 1
46 88 0 0
-3591 3723 1 -1
53 -3635 0 1
-3583 25 1 0
3680 3747 -1 -1
3673 1 -1 0
3725 9 -1 0
3753 3737 -1 -1
32 -3616 0 1
-3646 26 1 0
-3581 -3581 1 1
3682 3743 -1 -1
45 3679 0 -1
3740 3721 -1 -1
83 -3633 0 1
3671 3677 -1 -1
3660 3756 -1 -1
-3628 3670 1 -1
-3654 3660 1 -1
-3581 50 1 0
-3560 -3572 1 1
3667 21 -1 0
3752 -3633 -1 1
-3565 3681 1 -1
-3584 91 1 0
3686 93 -1 0
-3592 3681 1 -1
86 3671 0 -1
-3625 -3629 1 1
43 3749 0 -1
3729 -3570 -1 1
3756 3736 -1 -1
-3628 3692 1 -1
-3578 3754 1 -1
30 -3634 0 1
1 -3597 0 1
3741 -3566 -1 1
75 3712 0 -1
12 -3592 0 1
78 1 0 0
94 32 0 0
-3599 -3649 1 1
-3561 3687 1 -1
17 -3649 0 1
-3564 -3656 1 1
-3612 34 1 0
-3657 -3599 1 1
3688 -3645 -1 1
7 3671 0 -1
67 3751 0 -1
21 -3598 0 1
3754 -3655 -1 1
-3613 3745 1 -1
-3622 -3604 1 1
-3657 80 1 0
57 87 0 0
-3581 69 1 0
-3608 56 1 0
91 -3603 0 1
3725 -3601 -1 1
3668 3672 -1 -1
36 3738 0 -1
-3561 -3630 1 1
3749 58 -1 0
-3566 -3614 1 1
-3655 3722 1 -1
3700 1 -1 0
-3596 3688 1 -1
87 32 0 0
95 -3569 0 1
-3570 3692 1 -1
-3570 3756 1 -1
46 81 0 0
7 3700 0 -1
3705 3710 -1 -1
77 81 0 0
55 3727 0 -1
15 -3580 0 1
-3645 90 1 0
-3612 -3571 1 1
3719 3719 -1 -1
-3652 3692 1 -1
66 -3571 0 1
89 44 0 0
-3652 64 1 0
3730 -3655 -1 1
3706 -3610 -1 1
-3632 3743 1 -1
-3563 58 1 0
-3656 3739 1 -1
3673 72 -1 0
-3617 -3593 1 1
3678 3743 -1 -1
3732 -3649 -1 1
-3653 57 1 0
3748 3661 -1 -1
3701 -3659 -1 1
22 3724 0 -1
-3630 14 1 0
-3610 86 1 0
-3659 -3600 1 1
63 3755 0 -1
3679 -3643 -1 1
38 -3590 0 1
-3617 3666 1 -1
41 68 0 0
3730 3667 -1 -1
3709 -3638 -1 1
40 3745 0 -1
78 28 0 0
-3646 72 1 0
95 43 0 0
74 3673 0 -1
15 -3614 0 1
-3592 -3636 1 1
47 3699 0 -1
-3601 -3583 1 1
-3599 3702 1 -1
3753 3747 -1 -1
3710 76 -1 0
79 -3583 0 1
-3649 -3574 1 1
-3606 20 1 0
3675 3671 -1 -1
23 3724 0 -1
64 -3613 0 1
3746 -3577 -1 1
3673 -3575 -1 1
-3636 37 1 0
3741 3719 -1 -1
3727 3703 -1 -1
8 96 0 0
-3600 3668 1 -1
48 44 0 0
13 9 0 0
63 -3616 0 1
3748 -3581 -1 1
63 -3587 0 1
94 -3598 0 1
90 19 0 0
3724 82 -1 0
54 -3581 0 1
74 87 0 0
-3623 3675 1 -1
-3600 98 1 0
3714 54 -1 0
-3587 -3654 1 1
3708 47 -1 0
44 -3646 0 1
-3604 -3621 1 1
71 -3635 0 1
-3585 4 1 0
3665 -3563 -1 1
3692 -3581 -1 1
3669 21 -1 0
60 24 0 0
3708 3668 -1 -1
23 -3595 0 1
-3606 -3587 1 1
3755 -3598 -1 1
3693 3669 -1 -1
32 3680 0 -1
76 3685 0 -1
3697 23 -1 0
41 48 0 0
3746 3700 -1 -1
3732 3758 -1 -1
3 3743 0 -1
-3579 23 1 0
93 3690 0 -1
3675 11 -1 0
3713 3725 -1 -1
-3602 3752 1 -1
-3560 70 1 0
3659 3732 -1 -1
-3577 37 1 0
-3586 84 1 0
-3616 40 1 0
-3606 -3618 1 1
26 73 0 0
3757 -3587 -1 1
-3604 3751 1 -1
3726 3721 -1 -1
-3632 2 1 0
3732 3675 -1 -1
33 -3595 0 1
3678 -3614 -1 1
-3655 -3606 1 1
3697 73 -1 0
3674 45 -1 0
3663 9 -1 0
-3635 -3622 1 1
-3560 3661 1 -1
3659 -3617 -1 1
-3582 -3647 1 1
3685 3737 -1 -1
3665 -3619 -1 1
3754 3 -1 0
3743 -3643 -1 1
3718 3710 -1 -1
78 3747 0 -1
24 3713 0 -1
3726 49 -1 0
3679 3700 -1 -1
3706 97 -1 0
-3618 94 1 0
3662 -3644 -1 1
93 75 0 0
-3588 25 1 0
0 -3623 0 1
-3631 3667 1 -1
70 -3564 0 1
84 -3612 0 1
3739 3705 -1 -1
3696 -3587 -1 1
-3572 3663 1 -1
-3631 3672 1 -1
81 3695 0 -1
73 31 0 0
-3560 3668 1 -1
-3576 -3611 1 1
29 3747 0 -1
63 40 0 0
3698 -3600 -1 1
-3627 3670 1 -1
0 -3595 0 1
3739 38 -1 0
3698 -3634 -1 1
82 -3592 0 1
3661 -3579 -1 1
37 75 0 0
3691 -3624 -1 1
3729 -3623 -1 1
3667 61 -1 0
31 3670 0 -1
-3604 -3636 1 1
3740 68 -1 0
3682 3741 -1 -1
13 -3654 0 1
-3609 -3611 1 1
-3601 3671 1 -1
3731 0 -1 0
3676 3672 -1 -1
-3567 34 1 0
-3647 94 1 0
85 3707 0 -1
9 3699 0 -1
3727 -3642 -1 1
-3603 3741 1 -1
3670 8 -1 0
-3569 -3593 1 1
38 -3575 0 1
47 -3599 0 1
-3590 41 1 0
81 3720 0 -1
91 36 0 0
95 16 0 0
15 13 0 0
3741 3698 -1 -1
-3582 3717 1 -1
3667 84 -1 0
3715 39 -1 0
49 3 0 0
-3570 -3645 1 1
88 3740 0 -1
3669 45 -1 0
3670 3688 -1 -1
3707 89 -1 0
-3595 3725 1 -1
-3613 11 1 0
-3642 3728 1 -1
29 93 0 0
-3637 -3605 1 1
3696 -3629 -1 1
3679 90 -1 0
-3605 3731 1 -1
3678 -3632 -1 1
-3597 53 1 0
30 -3579 0 1
3746 82 -1 0
-3578 -3641 1 1
-3603 3701 1 -1
-3630 3708 1 -1
3708 -3616 -1 1
-3653 3754 1 -1
3752 51 -1 0
3717 -3659 -1 1
25 96 0 0
39 -3566 0 1
71 -3593 0 1
-3614 -3630 1 1
-3562 29 1 0
72 -3626 0 1
3704 3731 -1 -1
3712 -3629 -1 1
-3635 3737 1 -1
-3588 3674 1 -1
85 15 0 0
56 3708 0 -1
3686 3734 -1 -1
3662 -3570 -1 1
-3585 3710 1 -1
-3645 55 1 0
48 -3653 0 1
30 -3598 0 1
-3611 3691 1 -1
3677 -3596 -1 1
3742 3758 -1 -1
-3584 -3592 1 1
3758 3723 -1 -1
-3644 55 1 0
31 3685 0 -1
-3645 88 1 0
3730 21 -1 0
3727 -3642 -1 1
-3584 -3594 1 1
94 3727 0 -1
-3619 3720 1 -1
-3620 3684 1 -1
-3641 3696 1 -1
3752 -3580 -1 1
3684 3710 -1 -1
96 -3560 0 1
-3562 4 1 0
73 98 0 0
-3589 3670 1 -1
86 8 0 0
3741 29 -1 0
3678 3683 -1 -1
3707 3694 -1 -1
3681 3686 -1 -1
-3565 59 1 0
6 -3599 0 1
-3659 -3644 1 1
3757 3699 -1 -1
3717 3670 -1 -1
3664 3705 -1 -1
3696 -3659 -1 1
31 -3565 0 1
3666 3673 -1 -1
3718 -3597 -1 1
3741 -3650 -1 1
3676 -3642 -1 1
29 -3586 0 1
68 -3623 0 1
-3596 -3654 1 1
-3617 -3566 1 1
-3620 36 1 0
41 3714 0 -1
35 3726 0 -1
-3565 -3658 1 1
0 56 0 0
-3620 -3596 1 1
3746 -3604 -1 1
-3586 3741 1 -1
3746 -3584 -1 1
-3616 -3648 1 1
3688 3746 -1 -1
3735 -3560 -1 1
3724 90 -1 0
3711 49 -1 0
-3625 29 1 0
-3581 50 1 0
3701 62 -1 0
-3652 -3596 1 1
-3631 51 1 0
57 3736 0 -1
3677 3755 -1 -1
3690 66 -1 0
-3586 3664 1 -1
3758 90 -1 0
99 51 0 0
3745 3738 -1 -1
-3575 88 1 0
-3590 39 1 0
6 -3580 0 1
89 3687 0 -1
3733 38 -1 0
-3638 3713 1 -1
99 74 0 0
3700 3694 -1 -1
27 -3659 0 1
-3581 -3588 1 1
3660 58 -1 0
13 -3592 0 1
-3627 3757 1 -1
3723 3703 -1 -1
16 3735 0 -1
3669 3755 -1 -1
3683 39 -1 0
-3561 3716 1 -1
3743 4 -1 0
-3653 92 1 0
3722 -3657 -1 1
3670 71 -1 0
26 -3642 0 1
23 3706 0 -1
-3601 -3607 1 1
3731 30 -1 0
3730 3721 -1 -1
3716 3713 -1 -1
53 3727 0 -1
-3648 -3628 1 1
28 -3609 0 1
-3614 3 1 0
89 54 0 0
3713 -3585 -1 1
-3581 3694 1 -1
49 46 0 0
69 -3609 0 1
68 53 0 0
-3588 -3626 1 1
46 3660 0 -1
3710 3673 -1 -1
53 -3626 0 1
-3632 3668 1 -1
95 3709 0 -1
3713 49 -1 0
-3622 3701 1 -1
-3655 3698 1 -1
34 -3627 0 1
3702 45 -1 0
94 3732 0 -1
-3647 -3618 1 1
45 -3646 0 1
3753 9 -1 0
37 9 0 0
68 3667 0 -1
3758 34 -1 0
89 86 0 0
3683 3668 -1 -1
3750 -3605 -1 1
3681 -3575 -1 1
-3577 -3646 1 1
3706 97 -1 0
60 90 0 0
3681 3747 -1 -1
3691 23 -1 0
-3622 3758 1 -1
3679 -3585 -1 1
3689 3731 -1 -1
3744 3668 -1 -1
49 24 0 0
3707 28 -1 0
-3564 6 1 0
20 3691 0 -1
3694 34 -1 0
-3649 3740 1 -1
75 3687 0 -1
3758 3668 -1 -1
-3565 -3613 1 1
-3566 3693 1 -1
-3628 19 1 0
85 3690 0 -1
94 3729 0 -1
3726 3737 -1 -1
79 49 0 0
3686 3669 -1 -1
50 3716 0 -1
-3608 3694 1 -1
88 3731 0 -1
41 32 0 0
3719 43 -1 0
-3627 41 1 0
3698 75 -1 0
3710 96 -1 0
-3644 -3579 1 1
-3587 4 1 0
46 32 0 0
73 9 0 0
-3608 -3615 1 1
-3606 57 1 0
97 71 0 0
3723 -3582 -1 1
3711 2 -1 0
88 3691 0 -1
58 3693 0 -1
3716 -3624 -1 1
3737 3702 -1 -1
79 3679 0 -1
94 -3633 0 1
3664 1 -1 0
-3610 3732 1 -1
-3636 3668 1 -1
3718 40 -1 0
49 3708 0 -1
33 58 0 0
36 14 0 0
82 -3580 0 1
-3583 3668 1 -1
3667 -3579 -1 1
18 64 0 0
-3561 3711 1 -1
-3623 3705 1 -1
3686 87 -1 0
-3568 -3633 1 1
63 93 0 0
-3563 81 1 0
22 3715 0 -1
3716 3699 -1 -1
29 39 0 0
34 -3564 0 1
-3570 -3575 1 1
98 48 0 0
-3647 3718 1 -1
3713 -3643 -1 1
53 -3579 0 1
-3595 -3640 1 1
90 -3594 0 1
3704 -3640 -1 1
-3625 3686 1 -1
52 -3641 0 1
-3572 16 1 0
-3601 3700 1 -1
-3618 3716 1 -1
-3618 3706 1 -1
60 3725 0 -1
-3639 39 1 0
-3616 66 1 0
-3629 3696 1 -1
97 -3650 0 1
-3630 99 1 0
36 -3649 0 1
-3567 -3579 1 1
56 -3610 0 1
-3624 -3611 1 1
3695 -3599 -1 1
-3644 92 1 0
-3592 25 1 0
74 74 0 0
-3577 45 1 0
91 93 0 0
56 99 0 0
-3589 0 1 0
90 3712 0 -1
82 52 0 0
-3570 3687 1 -1
48 5 0 0
3685 59 -1 0
33 -3618 0 1
3741 46 -1 0
3754 -3655 -1 1
3665 96 -1 0
-3636 -3574 1 1
5 29 0 0
-3646 75 1 0
3732 70 -1 0
3740 3682 -1 -1
3716 51 -1 0
26 3721 0 -1
-3569 91 1 0
3698 99 -1 0
3681 32 -1 0
3726 3693 -1 -1
3675 70 -1 0
-3622 3716 1 -1
3714 -3577 -1 1
-3649 47 1 0
3749 -3627 -1 1
-3567 84 1 0
3731 -3587 -1 1
26 3688 0 -1
-3614 -3641 1 1
60 3737 0 -1
-3637 17 1 0
3662 74 -1 0
-3630 -3657 1 1
10 3738 0 -1
-3656 3710 1 -1
-3608 3714 1 -1
-3575 -3589 1 1
-3620 3673 1 -1
84 26 0 0
-3622 3672 1 -1
-3644 -3598 1 1
-3628 -3571 1 1
3696 -3570 -1 1
10 -3619 0 1
41 3685 0 -1
34 -3650 0 1
3687 3735 -1 -1
-3631 39 1 0
54 -3647 0 1
3705 28 -1 0
67 -3562 0 1
3724 -3562 -1 1
17 78 0 0
3680 -3578 -1 1
3705 3736 -1 -1
8 -3566 0 1
29 20 0 0
55 -3609 0 1
3716 -3570 -1 1
-3647 88 1 0
-3596 -3658 1 1
-3611 3692 1 -1
3753 -3655 -1 1
-3578 89 1 0
3736 -3567 -1 1
3678 13 -1 0
3668 66 -1 0
3697 3676 -1 -1
-3659 -3621 1 1
28 3749 0 -1
-3572 3745 1 -1
3671 -3644 -1 1
3684 -3589 -1 1
63 3748 0 -1
61 3714 0 -1
43 90 0 0
-3606 33 1 0
3674 3744 -1 -1
71 3692 0 -1
60 3665 0 -1
-3565 3722 1 -1
76 34 0 0
3684 41 -1 0
3738 34 -1 0
3681 3683 -1 -1
-3600 -3622 1 1
82 33 0 0
48 49 0 0
-3636 3716 1 -1
3717 -3579 -1 1
3669 3697 -1 -1
3673 3697 -1 -1
-3598 3726 1 -1
64 88 0 0
78 9 0 0
3685 -3591 -1 1
3684 66 -1 0
3690 3703 -1 -1
3683 3717 -1 -1
3674 3739 -1 -1
67 3678 0 -1
30 3671 0 -1
3753 3698 -1 -1
-3639 3753 1 -1
55 3722 0 -1
-3636 71 1 0
-3580 -3620 1 1
-3655 3681 1 -1
50 10 0 0
3736 3754 -1 -1
86 1 0 0
3668 38 -1 0
34 3692 0 -1
3691 3738 -1 -1
85 49 0 0
3674 3717 -1 -1
-3656 -3655 1 1
40 51 0 0
58 -3634 0 1
-3634 3670 1 -1
43 -3590 0 1
19 87 0 0
-3570 9 1 0
3747 -3658 -1 1
33 33 0 0
6 3 0 0
-3636 3742 1 -1
84 3664 0 -1
69 3691 0 -1
3744 -3580 -1 1
-3614 54 1 0
-3634 -3634 1 1
56 19 0 0
-3621 15 1 0
-3634 3726 1 -1
3694 -3587 -1 1
89 97 0 0
-3592 3712 1 -1
22 -3649 0 1
-3600 36 1 0
35 46 0 0
70 -3641 0 1
3699 -3578 -1 1
-3616 38 1 0
3748 -3572 -1 1
3682 -3641 -1 1
-3611 -3607 1 1
3742 -3568 -1 1
65 33 0 0
67 57 0 0
-3580 3719 1 -1
-3585 58 1 0
-3590 87 1 0
3695 3691 -1 -1
-3619 93 1 0
3731 3670 -1 -1
43 86 0 0
3660 87 -1 0
3706 -3568 -1 1
3724 3738 -1 -1
73 3660 0 -1
-3622 -3605 1 1
-3613 20 1 0
-3634 3709 1 -1
3722 13 -1 0
-3579 43 1 0
3686 45 -1 0
3679 80 -1 0
3753 -3629 -1 1
98 3731 0 -1
3670 -3649 -1 1
17 3719 0 -1
-3597 3 1 0
-3658 -3641 1 1
37 3686 0 -1
3718 91 -1 0
3682 -3600 -1 1
-3627 -3592 1 1
-3578 12 1 0
-3598 72 1 0
3724 99 -1 0
3730 9 -1 0
64 81 0 0
3709 70 -1 0
3741 3721 -1 -1
-3587 -3626 1 1
3680 13 -1 0
6 93 0 0
-3578 -3575 1 1
3718 3703 -1 -1
77 3748 0 -1
-3626 6 1 0
1 54 0 0
-3597 3700 1 -1
3711 3725 -1 -1
3729 -3573 -1 1
3 -3638 0 1
45 3680 0 -1
37 86 0 0
59 56 0 0
3754 98 -1 0
3706 3712 -1 -1
3746 -3636 -1 1
3741 3742 -1 -1
58 87 0 0
3740 47 -1 0
90 -3600 0 1
-3593 3717 1 -1
-3625 -3644 1 1
-3582 -3621 1 1
-3657 -3621 1 1
-3601 3695 1 -1
37 -3647 0 1
3681 3685 -1 -1
-3576 -3573 1 1
53 -3598 0 1
3665 53 -1 0
-3582 3679 1 -1
88 -3561 0 1
-3624 -3649 1 1
50 3732 0 -1
-3632 3751 1 -1
-3599 76 1 0
-3604 24 1 0
-3586 -3561 1 1
-3610 -3643 1 1
3703 62 -1 0
-3637 24 1 0
3683 -3571 -1 1
3686 -3565 -1 1
3735 -3588 -1 1
3736 -3645 -1 1
-3596 3666 1 -1
-3601 3743 1 -1
3722 76 -1 0
-3611 3682 1 -1
3747 -3581 -1 1
3667 -3601 -1 1
3756 54 -1 0
3688 -3620 -1 1
3757 57 -1 0
3701 -3605 -1 1
3661 -3571 -1 1
3718 -3659 -1 1
-3570 77 1 0
-3656 3672 1 -1
-3642 3671 1 -1
43 -3640 0 1
3717 -3618 -1 1
3736 -3620 -1 1
43 3749 0 -1
3734 44 -1 0
3712 54 -1 0
70 62 0 0
3682 3695 -1 -1
3726 -3621 -1 1
11 -3582 0 1
3734 3664 -1 -1
1 3712 0 -1
4 -3595 0 1
35 -3606 0 1
74 30 0 0
26 3679 0 -1
41 3684 0 -1
3692 19 -1 0
-3623 3659 1 -1
13 3693 0 -1
3737 45 -1 0
3676 3727 -1 -1
82 -3616 0 1
-3621 19 1 0
3667 0 -1 0
-3628 -3596 1 1
8 15 0 0
-3594 69 1 0
-3576 11 1 0
-3632 -3593 1 1
3692 3749 -1 -1
3709 70 -1 0
3741 3695 -1 -1
3688 3665 -1 -1
3698 -3635 -1 1
3669 3707 -1 -1
99 -3574 0 1
3756 62 -1 0
3704 75 -1 0
71 81 0 0
3659 3728 -1 -1
3750 94 -1 0
96 3755 0 -1
3671 -3564 -1 1
-3582 68 1 0
49 27 0 0
3696 -3564 -1 1
3667 -3644 -1 1
3670 3678 -1 -1
69 -3654 0 1
3679 -3590 -1 1
3750 -3598 -1 1
-3569 3750 1 -1
39 -3646 0 1
-3607 13 1 0
26 -3570 0 1
3700 3665 -1 -1
3663 -3605 -1 1
-3595 -3628 1 1
-3607 3691 1 -1
-3566 -3651 1 1
-3625 35 1 0
3732 3697 -1 -1
-3658 -3565 1 1
3732 54 -1 0
3756 3719 -1 -1
6 -3610 0 1
3663 3683 -1 -1
3730 -3617 -1 1
-3634 -3567 1 1
-3615 3728 1 -1
-3568 3709 1 -1
-3590 -3637 1 1
3721 27 -1 0
-3584 47 1 0
-3593 3684 1 -1
-3611 95 1 0
3659 -3595 -1 1
3736 3753 -1 -1
3690 3670 -1 -1
49 3666 0 -1
36 3704 0 -1
3713 40 -1 0
-3602 70 1 0
3665 3708 -1 -1
-3624 61 1 0
-3640 -3591 1 1
-3627 29 1 0
88 -3571 0 1
68 -3648 0 1
3704 3710 -1 -1
-3586 24 1 0
3670 3688 -1 -1
3684 3703 -1 -1
2 -3562 0 1
3667 -3653 -1 1
-3571 3685 1 -1
5 3713 0 -1
-3650 10 1 0
3697 3685 -1 -1
65 3660 0 -1
23 3722 0 -1
19 67 0 0
-3627 23 1 0
52 9 0 0
34 -3585 0 1
3752 -3600 -1 1
-3646 3711 1 -1
35 3757 0 -1
3749 -3597 -1 1
3755 38 -1 0
84 83 0 0
-3571 3738 1 -1
-3644 3755 1 -1
-3657 45 1 0
5 54 0 0
-3646 99 1 0
40 91 0 0
42 -3594 0 1
45 3667 0 -1
6 3719 0 -1
18 12 0 0
-3602 3679 1 -1
-3563 64 1 0
32 83 0 0
43 3743 0 -1
3745 3736 -1 -1
93 3659 0 -1
72 98 0 0
3738 0 -1 0
-3643 36 1 0
31 -3571 0 1
-3576 51 1 0
3667 3669 -1 -1
77 -3622 0 1
51 3678 0 -1
-3629 3725 1 -1
74 -3589 0 1
-3650 3721 1 -1
3718 -3644 -1 1
43 -3627 0 1
3737 3695 -1 -1
3726 91 -1 0
-3658 83 1 0
3743 3700 -1 -1
27 36 0 0
58 3705 0 -1
75 71 0 0
3685 3683 -1 -1
-3609 60 1 0
3758 -3570 -1 1
3665 24 -1 0
22 -3656 0 1
3737 3734 -1 -1
-3651 3684 1 -1
-3634 20 1 0
92 3686 0 -1
3719 15 -1 0
-3603 -3607 1 1
83 61 0 0
3704 26 -1 0
93 3708 0 -1
3705 84 -1 0
15 55 0 0
-3650 -3613 1 1
42 3659 0 -1
-3619 -3586 1 1
3685 15 -1 0
42 35 0 0
3689 3674 -1 -1
3724 -3602 -1 1
-3596 3715 1 -1
86 0 0 0
-3634 -3562 1 1
-3632 -3595 1 1
3677 10 -1 0
-3643 56 1 0
3705 3664 -1 -1
28 -3573 0 1
3720 -3634 -1 1
3757 3712 -1 -1
3758 3746 -1 -1
44 30 0 0
-3638 3705 1 -1
85 74 0 0
3743 30 -1 0
92 -3643 0 1
35 3710 0 -1
-3576 3667 1 -1
3674 3705 -1 -1
3752 65 -1 0
3733 -3630 -1 1
3682 -3608 -1 1
52 81 0 0
3689 66 -1 0
-3633 -3588 1 1
-3621 66 1 0
3732 3708 -1 -1
22 3730 0 -1
-3620 3661 1 -1
3758 -3638 -1 1
-3621 -3635 1 1
3734 6 -1 0
3702 -3643 -1 1
3664 50 -1 0
-3643 -3578 1 1
37 37 0 0
88 29 0 0
21 95 0 0
-3648 3740 1 -1
3749 3688 -1 -1
3695 -3618 -1 1
-3630 50 1 0
74 3725 0 -1
3 -3649 0 1
64 -3579 0 1
3707 3748 -1 -1
74 77 0 0
3752 16 -1 0
-3652 2 1 0
65 3676 0 -1
-3571 3720 1 -1
-3590 76 1 0
38 -3647 0 1
-3567 3740 1 -1
-3560 -3624 1 1
-3607 24 1 0
-3580 3742 1 -1
15 -3611 0 1
-3648 3731 1 -1
3687 -3613 -1 1
3722 3689 -1 -1
61 -3631 0 1
3692 -3627 -1 1
3715 -3606 -1 1
3748 3691 -1 -1
3683 24 -1 0
-3659 -3569 1 1
3746 3696 -1 -1
60 -3593 0 1
3674 30 -1 0
-3571 -3638 1 1
-3589 3672 1 -1
3718 3663 -1 -1
45 64 0 0
3679 34 -1 0
3745 3713 -1 -1
3738 3732 -1 -1
-3598 -3654 1 1
94 3706 0 -1
-3641 94 1 0
-3577 -3601 1 1
21 -3577 0 1
12 -3572 0 1
3703 3730 -1 -1
-3575 -3619 1 1
92 -3645 0 1
67 2 0 0
58 -3603 0 1
3701 3689 -1 -1
3751 52 -1 0
3665 59 -1 0
3 3750 0 -1
3692 89 -1 0
-3575 -3657 1 1
3754 3662 -1 -1
-3657 6 1 0
-3621 89 1 0
3720 3726 -1 -1
3751 -3596 -1 1
-3594 3724 1 -1
3743 -3643 -1 1
-3630 3672 1 -1
69 3680 0 -1
-3567 -3645 1 1
21 -3633 0 1
3693 36 -1 0
-3595 12 1 0
3685 3708 -1 -1
61 99 0 0
3756 62 -1 0
3691 3680 -1 -1
3670 3750 -1 -1
-3622 30 1 0
67 84 0 0
-3626 26 1 0
3720 3718 -1 -1
3735 3686 -1 -1
69 73 0 0
3695 53 -1 0
3748 3706 -1 -1
3748 -3647 -1 1
-3588 3735 1 -1
-3585 -3609 1 1
-3590 66 1 0
60 -3586 0 1
3725 3726 -1 -1
14 -3594 0 1
-3584 3669 1 -1
3695 3708 -1 -1
63 -3591 0 1
42 -3624 0 1
0 -3563 0 1
3666 3705 -1 -1
3739 65 -1 0
71 3747 0 -1
79 -3655 0 1
-3646 3750 1 -1
3697 -3583 -1 1
3700 93 -1 0
0 28 0 0
3758 -3627 -1 1
5 52 0 0
7 51 0 0
52 1 0 0
89 3746 0 -1
83 -3612 0 1
-3626 -3587 1 1
-3573 22 1 0
3674 87 -1 0
17 3699 0 -1
86 21 0 0
3727 9 -1 0
72 -3580 0 1
42 44 0 0
-3616 -3638 1 1
91 3678 0 -1
3729 46 -1 0
-3604 33 1 0
3679 3751 -1 -1
5 3715 0 -1
3735 -3636 -1 1
39 -3621 0 1
63 -3580 0 1
80 86 0 0
-3603 3693 1 -1
3708 -3654 -1 1
14 -3621 0 1
3758 -3611 -1 1
3681 -3626 -1 1
34 3 0 0
-3623 3701 1 -1
47 3690 0 -1
-3640 3671 1 -1
3731 3756 -1 -1
3681 -3569 -1 1
3747 -3598 -1 1
3747 91 -1 0
96 -3612 0 1
11 26 0 0
3683 -3561 -1 1
0 -3625 0 1
-3614 45 1 0
3738 -3630 -1 1
63 0 0 0
-3654 -3565 1 1
3741 3726 -1 -1
-3583 67 1 0
-3571 2 1 0
-3603 -3626 1 1
3719 -3566 -1 1
-3611 29 1 0
3702 3751 -1 -1
45 3735 0 -1
-3642 3693 1 -1
-3624 89 1 0
3742 3710 -1 -1
3719 20 -1 0
7 -3631 0 1
66 14 0 0
3721 92 -1 0
3694 13 -1 0
93 3663 0 -1
-3578 3663 1 -1
3736 -3648 -1 1
93 -3589 0 1
-3571 46 1 0
-3612 3677 1 -1
-3628 -3586 1 1
3732 3739 -1 -1
3743 -3646 -1 1
3673 -3578 -1 1
-3626 -3603 1 1
3726 3722 -1 -1
3725 8 -1 0
98 19 0 0
-3572 3673 1 -1
3663 3683 -1 -1
70 60 0 0
3681 57 -1 0
-3620 3666 1 -1
-3615 -3647 1 1
76 -3627 0 1
-3582 13 1 0
3675 3706 -1 -1
45 -3596 0 1
3740 90 -1 0
3716 92 -1 0
-3632 -3610 1 1
79 44 0 0
3696 -3573 -1 1
59 3673 0 -1
-3608 -3653 1 1
-3589 -3649 1 1
-3658 48 1 0
3667 3747 -1 -1
3753 62 -1 0
95 31 0 0
-3566 59 1 0
15 -3610 0 1
3723 3677 -1 -1
3756 3734 -1 -1
-3591 -3596 1 1
3673 -3619 -1 1
15 79 0 0
9 -3596 0 1
3742 3692 -1 -1
3 3731 0 -1
3716 72 -1 0
-3584 3664 1 -1
3731 -3637 -1 1
3687 -3562 -1 1
92 -3603 0 1
-3639 68 1 0
-3627 3680 1 -1
3747 19 -1 0
24 3675 0 -1
-3644 3747 1 -1
-3636 -3602 1 1
10 -3605 0 1
-3599 3722 1 -1
3722 55 -1 0
38 3699 0 -1
28 3757 0 -1
-3628 -3579 1 1
3698 -3576 -1 1
85 -3560 0 1
29 61 0 0
36 61 0 0
3753 3664 -1 -1
-3588 -3581 1 1
-3654 44 1 0
-3656 31 1 0
75 -3588 0 1
3677 3722 -1 -1
3696 39 -1 0
3659 3721 -1 -1
93 3729 0 -1
-3624 44 1 0
-3583 -3651 1 1
3734 3708 -1 -1
3719 -3627 -1 1
3734 36 -1 0
3740 3692 -1 -1
-3655 96 1 0
80 -3621 0 1
-3609 3732 1 -1
-3642 -3624 1 1
44 -3583 0 1
3673 93 -1 0
-3612 -3594 1 1
3672 -3598 -1 1
-3564 3742 1 -1
46 -3649 0 1
-3572 3711 1 -1
11 3697 0 -1
9 29 0 0
3751 3659 -1 -1
3715 46 -1 0
-3577 10 1 0
-3628 -3638 1 1
70 3713 0 -1
53 3732 0 -1
-3636 3660 1 -1
3675 19 -1 0
3708 -3569 -1 1
-3566 -3580 1 1
-3658 -3599 1 1
-3582 48 1 0
-3616 3690 1 -1
3751 -3617 -1 1
3677 -3647 -1 1
-3648 36 1 0
93 -3644 0 1
3717 59 -1 0
96 3739 0 -1
3682 17 -1 0
-3580 -3620 1 1
3696 54 -1 0
-3589 -3639 1 1
3699 71 -1 0
50 3718 0 -1
-3579 22 1 0
-3645 3690 1 -1
-3624 3751 1 -1
13 22 0 0
-3628 3695 1 -1
3757 51 -1 0
62 -3595 0 1
-3561 69 1 0
-3590 3683 1 -1
97 -3582 0 1
58 71 0 0
16 53 0 0
91 26 0 0
42 -3639 0 1
3739 3689 -1 -1
88 -3624 0 1
-3606 3667 1 -1
43 22 0 0
31 11 0 0
-3655 -3616 1 1
58 3725 0 -1
52 -3628 0 1
18 3677 0 -1
57 3721 0 -1
3668 3731 -1 -1
89 -3628 0 1
-3595 78 1 0
94 -3617 0 1
3744 -3657 -1 1
5 -3657 0 1
3675 3660 -1 -1
-3594 74 1 0
-3596 3758 1 -1
-3606 16 1 0
96 24 0 0
3753 14 -1 0
-3573 3706 1 -1
3659 44 -1 0
26 4 0 0
3744 -3594 -1 1
86 52 0 0
3698 -3631 -1 1
3718 3747 -1 -1
-3613 12 1 0
-3580 -3584 1 1
3742 3729 -1 -1
3746 -3564 -1 1
3684 24 -1 0
3734 3752 -1 -1
3719 3729 -1 -1
3755 3728 -1 -1
9 25 0 0
3702 72 -1 0
3687 96 -1 0
11 87 0 0
-3560 3732 1 -1
3694 -3630 -1 1
-3654 80 1 0
-3647 -3603 1 1
45 -3630 0 1
91 3668 0 -1
3750 3723 -1 -1
21 3716 0 -1
-3580 46 1 0
3734 -3603 -1 1
3667 60 -1 0
3740 28 -1 0
14 94 0 0
96 3670 0 -1
-3646 3716 1 -1
-3631 -3620 1 1
86 72 0 0
33 -3565 0 1
-3560 47 1 0
9 -3645 0 1
3756 86 -1 0
-3568 3716 1 -1
3721 3741 -1 -1
-3607 -3563 1 1
-3627 82 1 0
4 -3656 0 1
3716 3747 -1 -1
9 57 0 0
3721 45 -1 0
-3625 30 1 0
3719 3686 -1 -1
3741 3693 -1 -1
3675 3675 -1 -1
-3637 -3564 1 1
22 43 0 0
3687 27 -1 0
3739 -3642 -1 1
3686 15 -1 0
64 -3657 0 1
39 84 0 0
-3623 3758 1 -1
27 70 0 0
-3567 -3591 1 1
3671 22 -1 0
-3572 3666 1 -1
3715 -3634 -1 1
3736 -3641 -1 1
9 -3659 0 1
3689 97 -1 0
-3600 3700 1 -1
3715 3709 -1 -1
3710 3670 -1 -1
3682 -3572 -1 1
3701 3737 -1 -1
36 -3570 0 1
3677 2 -1 0
-3653 -3585 1 1
-3562 -3649 1 1
-3594 -3574 1 1
3749 -3629 -1 1
41 -3650 0 1
92 19 0 0
66 3715 0 -1
81 -3579 0 1
3713 -3568 -1 1
3685 74 -1 0
65 3727 0 -1
33 22 0 0
3678 -3563 -1 1
40 -3589 0 1
-3580 3 1 0
-3656 3731 1 -1
3754 33 -1 0
74 -3605 0 1
60 12 0 0
81 3674 0 -1
3687 3680 -1 -1
-3590 -3589 1 1
3706 37 -1 0
-3583 -3602 1 1
-3628 38 1 0
44 11 0 0
3687 3730 -1 -1
-3587 -3609 1 1
-3653 94 1 0
3751 3678 -1 -1
-3589 -3574 1 1
3732 43 -1 0
73 51 0 0
3745 69 -1 0
82 -3617 0 1
3696 93 -1 0
95 -3639 0 1
55 -3609 0 1
3740 58 -1 0
3668 94 -1 0
22 3660 0 -1
3713 81 -1 0
3673 66 -1 0
3742 95 -1 0
3660 72 -1 0
-3571 3713 1 -1
51 88 0 0
3752 3737 -1 -1
-3575 -3593 1 1
-3604 94 1 0
93 -3573 0 1
-3593 43 1 0
3743 3754 -1 -1
31 -3621 0 1
3702 -3654 -1 1
-3581 3674 1 -1
-3658 3701 1 -1
-3602 72 1 0
-3657 -3602 1 1
3673 3756 -1 -1
3672 -3629 -1 1
82 -3587 0 1
3725 26 -1 0
-3629 58 1 0
-3569 3745 1 -1
3703 82 -1 0
21 3705 0 -1
36 -3623 0 1
-3589 54 1 0
-3562 45 1 0
63 71 0 0
27 -3591 0 1
-3634 58 1 0
18 32 0 0
-3626 -3580 1 1
56 3688 0 -1
2 3695 0 -1
3712 -3643 -1 1
-3641 3671 1 -1
3749 51 -1 0
-3638 3680 1 -1
57 91 0 0
3719 74 -1 0
3749 3690 -1 -1
-3608 3670 1 -1
-3572 3681 1 -1
95 45 0 0
71 92 0 0
58 3689 0 -1
3665 -3650 -1 1
24 3713 0 -1
-3651 -3655 1 1
46 35 0 0
88 3691 0 -1
-3621 3738 1 -1
-3605 -3618 1 1
3746 28 -1 0
51 98 0 0
-3624 55 1 0
-3568 -3625 1 1
-3647 -3569 1 1
-3566 -3570 1 1
-3613 -3566 1 1
3678 2 -1 0
29 3679 0 -1
3676 20 -1 0
62 -3593 0 1
-3622 3754 1 -1
29 24 0 0
-3611 60 1 0
3721 3676 -1 -1
53 -3625 0 1
3707 3742 -1 -1
3694 -3579 -1 1
-3565 -3585 1 1
3743 3750 -1 -1
-3621 3664 1 -1
-3633 -3659 1 1
-3636 29 1 0
-3640 69 1 0
-3598 -3584 1 1
3716 3739 -1 -1
3700 -3582 -1 1
-3577 3663 1 -1
-3653 -3573 1 1
12 -3642 0 1
3697 -3648 -1 1
-3651 -3570 1 1
-3574 54 1 0
7 4 0 0
40 94 0 0
-3564 -3565 1 1
3682 8 -1 0
-3560 26 1 0
69 3710 0 -1
-3625 69 1 0
77 -3597 0 1
-3575 26 1 0
-3574 60 1 0
41 3685 0 -1
-3599 -3645 1 1
3751 3706 -1 -1
91 3751 0 -1
65 9 0 0
3660 -3605 -1 1
-3634 -3578 1 1
-3609 -3575 1 1
51 3753 0 -1
-3579 18 1 0
3 3714 0 -1
3685 -3630 -1 1
58 3715 0 -1
-3629 3709 1 -1
3735 38 -1 0
-3564 3667 1 -1
3744 55 -1 0
-3573 3671 1 -1
3711 59 -1 0
3699 3674 -1 -1
-3636 33 1 0
80 -3575 0 1
34 27 0 0
3730 11 -1 0
3713 3712 -1 -1
-3561 3694 1 -1
3697 60 -1 0
-3614 -3571 1 1
-3611 3713 1 -1
3725 -3625 -1 1
3742 -3605 -1 1
3716 3666 -1 -1
3697 92 -1 0
3712 3690 -1 -1
-3587 12 1 0
-3619 -3617 1 1
-3588 3670 1 -1
75 20 0 0
17 3690 0 -1
92 3695 0 -1
-3642 2 1 0
-3603 -3567 1 1
3733 66 -1 0
3692 3729 -1 -1
3726 9 -1 0
-3581 3687 1 -1
-3652 3713 1 -1
66 -3597 0 1
-3561 -3647 1 1
3731 16 -1 0
3672 89 -1 0
68 -3653 0 1
40 -3649 0 1
11 3680 0 -1
90 37 0 0
3736 21 -1 0
-3642 84 1 0
6 -3605 0 1
16 71 0 0
4 3752 0 -1
-3577 -3650 1 1
3669 3729 -1 -1
3709 5 -1 0
3735 20 -1 0
-3654 -3599 1 1
-3570 3734 1 -1
-3636 -3572 1 1
-3650 21 1 0
3695 -3579 -1 1
-3635 3758 1 -1
-3609 -3592 1 1
3727 -3625 -1 1
3668 3703 -1 -1
68 51 0 0
-3578 3667 1 -1
3700 3680 -1 -1
3756 -3628 -1 1
21 -3649 0 1
3758 3664 -1 -1
15 -3637 0 1
97 -3639 0 1
52 3711 0 -1
3746 -3604 -1 1
-3641 19 1 0
35 -3632 0 1
-3629 75 1 0
-3627 52 1 0
3690 3738 -1 -1
-3616 3678 1 -1
3691 -3621 -1 1
14 59 0 0
3668 7 -1 0
-3598 3748 1 -1
3708 -3604 -1 1
3725 -3618 -1 1
-3618 3712 1 -1
-3609 3724 1 -1
38 -3572 0 1
3695 -3655 -1 1
96 -3582 0 1
76 -3624 0 1
3707 -3574 -1 1
3745 70 -1 0
3757 46 -1 0
3718 67 -1 0
3729 95 -1 0
3732 81 -1 0
3755 25 -1 0
3715 27 -1 0
0 -3643 0 1
3731 3740 -1 -1
61 -3583 0 1
3698 3723 -1 -1
15 3742 0 -1
-3611 22 1 0
-3647 3676 1 -1
71 -3610 0 1
58 29 0 0
75 -3586 0 1
27 -3577 0 1
3744 3757 -1 -1
7 3726 0 -1
-3561 19 1 0
9 70 0 0
68 -3592 0 1
26 3752 0 -1
3704 3727 -1 -1
3715 3692 -1 -1
3668 86 -1 0
3701 -3562 -1 1
-3650 3750 1 -1
-3610 79 1 0
40 88 0 0
-3602 -3627 1 1
38 21 0 0
-3637 -3631 1 1
3713 3688 -1 -1
3679 -3639 -1 1
27 -3580 0 1
-3596 39 1 0
-3567 -3588 1 1
52 3733 0 -1
-3586 -3625 1 1
-3560 -3633 1 1
33 23 0 0
35 18 0 0
1 38 0 0
-3590 3665 1 -1
-3638 3736 1 -1
-3633 3675 1 -1
3730 34 -1 0
-3622 24 1 0
-3633 -3623 1 1
-3603 3662 1 -1
3662 68 -1 0
82 3727 0 -1
83 -3619 0 1
15 3748 0 -1
-3576 3751 1 -1
41 -3642 0 1
88 -3623 0 1
-3623 15 1 0
3666 -3590 -1 1
-3586 40 1 0
77 -3642 0 1
-3586 -3655 1 1
-3655 -3561 1 1
3716 3735 -1 -1
39 3671 0 -1
28 17 0 0
-3658 -3599 1 1
3723 52 -1 0
90 -3638 0 1
3728 17 -1 0
3697 3753 -1 -1
3693 -3573 -1 1
3749 -3641 -1 1
3713 3664 -1 -1
3673 74 -1 0
-3609 3719 1 -1
3755 77 -1 0
18 -3584 0 1
-3577 -3593 1 1
3750 3745 -1 -1
3671 -3616 -1 1
3659 -3630 -1 1
3738 83 -1 0
3746 -3657 -1 1
45 -3642 0 1
3725 -3612 -1 1
3678 -3585 -1 1
72 82 0 0
-3587 53 1 0
3751 -3578 -1 1
67 -3628 0 1
-3640 68 1 0
91 79 0 0
3663 -3616 -1 1
67 -3594 0 1
-3645 80 1 0
41 -3654 0 1
3694 -3611 -1 1
47 -3579 0 1
3756 58 -1 0
3689 -3573 -1 1
30 35 0 0
69 3695 0 -1
3693 -3602 -1 1
3673 5 -1 0
-3635 37 1 0
22 3732 0 -1
93 -3594 0 1
3674 3675 -1 -1
-3609 82 1 0
-3625 -3580 1 1
31 -3598 0 1
-3637 28 1 0
-3639 93 1 0
-3572 3738 1 -1
3693 3691 -1 -1
3731 93 -1 0
3742 3724 -1 -1
3 3708 0 -1
3727 -3599 -1 1
65 -3587 0 1
-3608 3740 1 -1
10 -3579 0 1
-3634 9 1 0
30 -3590 0 1
-3582 3659 1 -1
50 21 0 0
-3593 65 1 0
-3597 -3584 1 1
3734 3709 -1 -1
3695 3690 -1 -1
3757 -3599 -1 1
3661 91 -1 0
73 3670 0 -1
3662 -3596 -1 1
-3615 -3643 1 1
3747 -3585 -1 1
7 3706 0 -1
97 -3653 0 1
-3578 28 1 0
63 92 0 0
33 3741 0 -1
3734 3706 -1 -1
-3601 -3572 1 1
3747 3699 -1 -1
-3634 3687 1 -1
66 47 0 0
22 7 0 0
3690 -3569 -1 1
62 49 0 0
-3602 3738 1 -1
43 3743 0 -1
-3583 -3612 1 1
3709 3692 -1 -1
3698 3710 -1 -1
3751 -3638 -1 1
3666 -3560 -1 1
-3653 -3655 1 1
3668 18 -1 0
3723 -3577 -1 1
-3638 51 1 0
15 36 0 0
3676 15 -1 0
3744 -3659 -1 1
50 3736 0 -1
41 -3640 0 1
3758 56 -1 0
8 -3630 0 1
3711 -3594 -1 1
-3604 -3607 1 1
3683 57 -1 0
3710 14 -1 0
-3585 -3645 1 1
86 68 0 0
-3566 3704 1 -1
3678 3665 -1 -1
-3571 78 1 0
-3598 3693 1 -1
-3597 41 1 0
2 -3583 0 1
3734 88 -1 0
-3590 78 1 0
-3606 3713 1 -1
72 3664 0 -1
-3576 -3604 1 1
-3607 3758 1 -1
3731 -3581 -1 1
3664 -3622 -1 1
-3619 3672 1 -1
-3627 75 1 0
-3652 -3562 1 1
-3574 -3631 1 1
-3604 3694 1 -1
-3605 -3586 1 1
3673 3685 -1 -1
3677 80 -1 0
3740 3713 -1 -1
99 3672 0 -1
18 -3647 0 1
3735 79 -1 0
64 -3586 0 1
84 -3606 0 1
25 -3635 0 1
98 3670 0 -1
3721 3712 -1 -1
3677 14 -1 0
-3608 13 1 0
3713 3 -1 0
43 3693 0 -1
77 3731 0 -1
-3634 3681 1 -1
3729 -3626 -1 1
3736 -3591 -1 1
73 92 0 0
-3644 69 1 0
3748 3727 -1 -1
-3569 -3595 1 1
25 3689 0 -1
-3626 3664 1 -1
-3634 58 1 0
-3604 3736 1 -1
3755 44 -1 0
81 3664 0 -1
-3560 -3625 1 1
3744 3661 -1 -1
3713 -3575 -1 1
-3646 -3584 1 1
-3600 3745 1 -1
91 -3621 0 1
3741 74 -1 0
-3623 3753 1 -1
3665 3739 -1 -1
97 -3617 0 1
-3591 3729 1 -1
-3654 3686 1 -1
79 69 0 0
-3568 -3608 1 1
-3611 83 1 0
61 -3638 0 1
80 3676 0 -1
24 3671 0 -1
-3575 48 1 0
-3621 -3578 1 1
3695 3675 -1 -1
-3569 69 1 0
3659 -3584 -1 1
-3650 2 1 0
68 3659 0 -1
54 -3590 0 1
3679 3754 -1 -1
-3638 -3577 1 1
45 35 0 0
-3608 -3658 1 1
-3642 3704 1 -1
-3594 56 1 0
-3584 -3595 1 1
27 -3653 0 1
3751 47 -1 0
-3570 -3575 1 1
-3603 3727 1 -1
68 61 0 0
-3580 -3621 1 1
3728 -3654 -1 1
64 -3627 0 1
-3622 3694 1 -1
-3657 -3567 1 1
-3564 71 1 0
3725 -3612 -1 1
3690 29 -1 0
3662 64 -1 0
10 19 0 0
3714 3680 -1 -1
3682 3669 -1 -1
-3608 -3652 1 1
-3641 -3626 1 1
3703 -3612 -1 1
-3612 22 1 0
-3636 -3572 1 1
-3646 3718 1 -1
2 10 0 0
-3656 0 1 0
81 3697 0 -1
28 45 0 0
84 -3616 0 1
3 3699 0 -1
3717 27 -1 0
49 3660 0 -1
3753 3739 -1 -1
-3619 -3653 1 1
98 73 0 0
-3603 58 1 0
3726 3753 -1 -1
91 -3600 0 1
23 -3611 0 1
66 3755 0 -1
51 96 0 0
62 3665 0 -1
3662 95 -1 0
-3611 -3570 1 1
-3643 3751 1 -1
3711 -3617 -1 1
-3582 3671 1 -1
3691 18 -1 0
-3566 3735 1 -1
3755 3743 -1 -1
96 9 0 0
3755 3708 -1 -1
3728 56 -1 0
3745 -3590 -1 1
3683 70 -1 0
8 -3655 0 1
3727 -3637 -1 1
3671 -3639 -1 1
3730 3681 -1 -1
-3659 3719 1 -1
-3592 3706 1 -1
-3617 3717 1 -1
-3601 34 1 0
3709 11 -1 0
91 -3571 0 1
-3627 3697 1 -1
3736 3738 -1 -1
3695 -3604 -1 1
3696 84 -1 0
3664 -3560 -1 1
3731 69 -1 0
3676 -3618 -1 1
53 15 0 0
-3646 3683 1 -1
77 -3582 0 1
-3624 -3650 1 1
3674 3664 -1 -1
79 -3616 0 1
71 -3578 0 1
3699 3743 -1 -1
82 -3599 0 1
-3597 3682 1 -1
41 3734 0 -1
3673 25 -1 0
-3630 -3614 1 1
8 3706 0 -1
79 3685 0 -1
-3658 3706 1 -1
59 -3590 0 1
6 3680 0 -1
-3632 70 1 0
3676 3755 -1 -1
-3625 3735 1 -1
22 99 0 0
-3618 -3654 1 1
86 12 0 0
3684 96 -1 0
-3623 80 1 0
64 3 0 0
-3623 -3606 1 1
3723 12 -1 0
3740 -3605 -1 1
-3627 -3611 1 1
-3649 40 1 0
3720 3733 -1 -1
3722 88 -1 0
3746 -3627 -1 1
51 0 0 0
3677 3670 -1 -1
3735 3744 -1 -1
-3634 -3598 1 1
71 91 0 0
3703 -3569 -1 1
-3650 3755 1 -1
20 -3607 0 1
9 -3586 0 1
86 95 0 0
76 33 0 0
3659 -3567 -1 1
-3629 -3615 1 1
3691 -3580 -1 1
-3653 3722 1 -1
91 -3645 0 1
3688 -3658 -1 1
73 85 0 0
-3608 -3585 1 1
-3572 3722 1 -1
-3612 -3571 1 1
46 3677 0 -1
3713 48 -1 0
-3592 3731 1 -1
3744 24 -1 0
3674 -3586 -1 1
48 -3608 0 1
-3567 -3649 1 1
-3603 3681 1 -1
3683 3737 -1 -1
-3568 3726 1 -1
-3566 27 1 0
8 27 0 0
50 76 0 0
3740 3711 -1 -1
6 4 0 0
-3626 45 1 0
3714 -3654 -1 1
-3567 -3615 1 1
3702 -3607 -1 1
3734 -3650 -1 1
98 -3577 0 1
3668 -3577 -1 1
3677 -3656 -1 1
3712 3702 -1 -1
3748 -3595 -1 1
3666 -3613 -1 1
-3656 41 1 0
53 -3652 0 1
-3595 -3629 1 1
77 -3649 0 1
-3624 99 1 0
-3628 3686 1 -1
-3580 3732 1 -1
63 14 0 0
75 92 0 0
65 53 0 0
3747 -3610 -1 1
21 5 0 0
3659 33 -1 0
61 -3654 0 1
-3564 -3601 1 1
8 3662 0 -1
74 35 0 0
-3639 -3566 1 1
11 75 0 0
77 -3651 0 1
-3613 3690 1 -1
63 -3571 0 1
3707 72 -1 0
3748 -3592 -1 1
3695 3688 -1 -1
-3624 -3640 1 1
-3643 3686 1 -1
-3647 36 1 0
30 11 0 0
3744 3758 -1 -1
3738 3757 -1 -1
-3604 31 1 0
3686 3728 -1 -1
95 54 0 0
-3619 26 1 0
-3657 -3587 1 1
-3586 -3617 1 1
-3563 56 1 0
3737 -3607 -1 1
-3623 3738 1 -1
3749 44 -1 0
3688 -3565 -1 1
-3570 3684 1 -1
-3632 3 1 0
-3655 -3572 1 1
33 -3602 0 1
49 -3617 0 1
43 3660 0 -1
3753 -3607 -1 1
3691 12 -1 0
-3608 49 1 0
86 54 0 0
44 3683 0 -1
-3644 19 1 0
41 19 0 0
-3575 3726 1 -1
6 54 0 0
42 3722 0 -1
80 3708 0 -1
-3583 -3582 1 1
-3585 -3641 1 1
-3651 94 1 0
3732 3717 -1 -1
-3655 33 1 0
3683 -3639 -1 1
-3659 3681 1 -1
80 66 0 0
-3592 86 1 0
-3572 91 1 0
62 -3640 0 1
3752 3672 -1 -1
-3600 -3581 1 1
-3629 69 1 0
3725 3694 -1 -1
-3659 3753 1 -1
88 77 0 0
3741 -3636 -1 1
3679 3720 -1 -1
58 33 0 0
-3589 3664 1 -1
46 3704 0 -1
59 21 0 0
-3591 -3563 1 1
3715 31 -1 0
3728 2 -1 0
-3653 -3652 1 1
-3587 -3577 1 1
-3586 3709 1 -1
-3603 -3567 1 1
60 23 0 0
3750 3661 -1 -1
3668 -3656 -1 1
50 -3640 0 1
79 86 0 0
-3618 3693 1 -1
-3573 3731 1 -1
3659 -3652 -1 1
-3580 -3587 1 1
3698 -3652 -1 1
23 3679 0 -1
3703 6 -1 0
3724 -3624 -1 1
3672 -3620 -1 1
3723 -3622 -1 1
-3617 -3600 1 1
3685 -3627 -1 1
-3571 15 1 0
-3640 68 1 0
96 3735 0 -1
-3578 3739 1 -1
3707 -3597 -1 1
-3636 3693 1 -1
3668 3745 -1 -1
-3634 20 1 0
5 3692 0 -1
3754 -3635 -1 1
3708 3 -1 0
26 -3566 0 1
79 -3604 0 1
71 -3641 0 1
3689 69 -1 0
44 62 0 0
-3590 3700 1 -1
12 -3610 0 1
85 -3630 0 1
17 2 0 0
3722 3724 -1 -1
65 -3642 0 1
3706 50 -1 0
47 -3578 0 1
3738 3697 -1 -1
67 3660 0 -1
3673 33 -1 0
-3629 84 1 0
-3640 64 1 0
98 3662 0 -1
-3591 -3598 1 1
3672 -3580 -1 1
-3564 3721 1 -1
3683 3732 -1 -1
38 -3571 0 1
36 -3622 0 1
73 26 0 0
-3658 -3657 1 1
-3587 69 1 0
74 58 0 0
47 3691 0 -1
-3653 5 1 0
3676 -3612 -1 1
3673 -3652 -1 1
33 31 0 0
3756 -3587 -1 1
81 52 0 0
32 -3633 0 1
4 87 0 0
-3599 16 1 0
14 -3634 0 1
-3586 82 1 0
78 -3642 0 1
3686 -3627 -1 1
44 99 0 0
-3641 3674 1 -1
-3659 -3584 1 1
3714 93 -1 0
3661 3685 -1 -1
-3598 53 1 0
-3628 1 1 0
57 65 0 0
-3651 0 1 0
3730 -3650 -1 1
3664 80 -1 0
3659 -3640 -1 1
-3566 3728 1 -1
20 3690 0 -1
3719 46 -1 0
-3566 -3578 1 1
64 2 0 0
-3613 3712 1 -1
3753 0 -1 0
-3597 3717 1 -1
-3636 6 1 0
3690 -3565 -1 1
-3621 -3572 1 1
3730 93 -1 0
3 -3567 0 1
-3606 26 1 0
60 3751 0 -1
-3620 3696 1 -1
-3565 -3630 1 1
23 -3577 0 1
3703 98 -1 0
